788.0 323.0
788.0 339.0
780.0 459.0
696.0 459.0
238.0 456.0
228.0 455.0
222.0 454.0
218.0 453.0
209.0 450.0
197.0 444.0
185.0 435.0
181.0 431.0
176.0 425.0
172.0 419.0
167.0 409.0
165.0 404.0
163.0 398.0
162.0 394.0
161.0 389.0
160.0 383.0
160.0 354.0
161.0 348.0
162.0 343.0
163.0 339.0
165.0 333.0
167.0 328.0
170.0 322.0
173.0 317.0
329.0 83.0
330.0 82.0
336.0 81.0
484.0 80.0
663.0 80.0
673.0 81.0
694.0 88.0
699.0 91.0
703.0 94.0
709.0 100.0
712.0 104.0
715.0 109.0
717.0 113.0
719.0 118.0
786.0 312.0
787.0 315.0
